cutesv:
		Recall:	 0.5461254612546126
		Precision:	 0.6322869955156951
		F1:	 0.5860563083620025
CNNSSV:
		Recall:	 0.5608856088560885
		Precision:	 0.8176795580110497
		F1:	 0.6653652765454007

sniffles:
		Recall:	 0.4317343173431734
		Precision:	 0.5432692307692307
		F1:	 0.4811222911625029
nanomonsv:
		Recall:	 0.14022140221402213
		Precision:	 0.926829268292683
		F1:	 0.24358974358974358