CNNSSV:
		Recall:	 0.5448307410795974
		Precision:	 0.8157571503772592
		F1:	 0.6533199002750583
cutesv:
		Recall:	 0.6952195791399817
		Precision:	 0.6898067800532223
		F1:	 0.692502602760371

sniffles:
		Recall:	 0.3442360475754803
		Precision:	 0.5490048817123545
		F1:	 0.42314959913666567
nanomonsv:
		Recall:	 0.01338060384263495
		Precision:	 0.9508196721311475
		F1:	 0.026389831398299396